t,active_cpu_fog,fog_capacity,pressure,worst_fog_pressure,predicted_pressure,prediction_uncertainty,lstm_fallback_used,dqn_fallback_used_tasks,scale_decision,offload_ratio,offload_reason,tasks_on_fog,tasks_on_cloud,tasks_placed_fog,tasks_placed_cloud,fog_nodes_used_tick,cloud_nodes_used_tick,scale_up_total,scale_down_total,energy_joules_cumul
0,174,415,0.41927710843373495,0.5882352941176471,0.41927710843373495,0.1,1,10,none,0.0,,10,0,10,0,5,0,0,0,803.766394596116
1,235,415,0.5662650602409639,0.7157894736842105,0.5662650602409639,0.1,1,5,none,0.0,,15,0,5,0,4,0,0,0,1708.0973824936673
2,170,415,0.40963855421686746,0.45263157894736844,0.40963855421686746,0.1,1,11,none,0.0,,18,3,8,3,2,2,0,0,2512.3931888544894
3,281,415,0.6771084337349398,0.8181818181818182,0.6771084337349398,0.1,1,12,none,0.0,,20,6,9,3,5,2,0,0,3514.560090064734
4,297,415,0.7156626506024096,0.8181818181818182,0.7156626506024096,0.1,1,5,none,0.0,,21,5,5,0,1,0,0,0,4543.726991274979
5,355,415,0.8554216867469879,1.0,0.8554216867469879,0.1,1,7,none,0.0,,20,4,6,1,3,1,0,0,5667.630734590487
6,333,415,0.8024096385542169,0.9090909090909091,0.8024096385542169,0.1,1,9,none,0.0,,17,3,7,2,4,2,0,0,6762.204897269913
7,296,415,0.7132530120481928,0.9090909090909091,0.7132530120481928,0.1,1,4,none,0.0,,17,2,4,0,1,0,0,0,7771.779059949339
8,141,415,0.3397590361445783,0.5,0.3397590361445783,0.1,1,8,none,0.0,,18,1,8,0,3,0,0,0,8540.442443005912
9,176,415,0.42409638554216866,0.47058823529411764,0.42409638554216866,0.1,1,9,none,0.0,,20,1,8,1,5,1,0,0,9354.84886011821
10,263,415,0.6337349397590362,0.9090909090909091,0.647611729507851,0.22042589622665465,0,8,none,0.0,no offload,26,2,7,1,5,1,0,0,10310.345623416832
11,256,415,0.6168674698795181,0.8947368421052632,0.647611729507851,0.22042589622665465,0,6,none,0.0,no offload,21,3,5,1,2,1,0,0,11257.229946524065
12,214,415,0.5156626506024097,0.7473684210526316,0.647611729507851,0.22042589622665465,0,8,none,0.0,no offload,18,4,5,3,3,2,0,0,12131.527723050944
13,260,415,0.6265060240963856,0.7454545454545455,0.647611729507851,0.22042589622665465,0,10,none,0.0,no offload,22,3,10,0,4,0,0,0,13087.150858429497
14,322,415,0.7759036144578313,0.9647058823529412,0.647611729507851,0.22042589622665465,0,7,none,0.0,no offload,22,2,7,0,4,0,0,0,14155.306501547988
15,311,415,0.7493975903614458,0.8842105263157894,0.647611729507851,0.22042589622665465,0,10,none,0.0,no offload,23,4,6,4,3,2,0,0,15206.291021671826
16,255,415,0.6144578313253012,0.8842105263157894,0.647611729507851,0.22042589622665465,0,0,none,0.0,no offload,19,5,4,1,3,1,0,0,16142.13650436251
17,212,415,0.5108433734939759,0.6,0.647611729507851,0.22042589622665465,0,0,none,0.0,no offload,18,3,10,1,5,1,0,0,17016.382493667323
18,300,415,0.7228915662650602,0.8352941176470589,0.647611729507851,0.22042589622665465,0,0,none,0.0,no offload,24,5,7,3,4,2,0,0,18048.222065859834
19,270,415,0.6506024096385542,0.8090909090909091,0.647611729507851,0.22042589622665465,0,0,none,0.0,no offload,19,4,3,0,2,0,0,0,19024.762172811705
20,180,415,0.43373493975903615,0.6454545454545455,0.42669072516123663,0.16367273195591456,0,0,none,0.0,no offload,17,3,6,0,2,0,0,0,19837.3605403884
21,234,415,0.563855421686747,0.6705882352941176,0.42669072516123663,0.16367273195591456,0,0,none,0.0,no offload,17,0,8,0,5,0,0,0,20749.699971854767
22,257,415,0.619277108433735,0.7066666666666667,0.42669072516123663,0.16367273195591456,0,0,none,0.0,no offload,20,2,8,2,3,2,0,0,21716.039403321134
23,247,415,0.5951807228915663,0.6705882352941176,0.42669072516123663,0.16367273195591456,0,0,none,0.0,no offload,19,3,3,1,1,1,0,0,22664.063045313815
24,260,415,0.6265060240963856,0.968421052631579,0.42669072516123663,0.16367273195591456,0,0,none,0.0,no offload,18,3,8,2,4,2,0,0,23594.967914438497
25,305,415,0.7349397590361446,0.968421052631579,0.42669072516123663,0.16367273195591456,0,0,none,0.0,no offload,20,6,7,3,3,2,0,0,24620.803264846603
26,338,415,0.8144578313253013,0.8736842105263158,0.42669072516123663,0.16367273195591456,0,0,none,0.0,no offload,24,7,9,3,4,2,0,0,25724.545735997744
27,217,415,0.5228915662650603,0.9090909090909091,0.42669072516123663,0.16367273195591456,0,0,none,0.0,no offload,19,9,3,3,3,2,0,0,26607.63692654095
28,303,415,0.7301204819277108,0.9789473684210527,0.42669072516123663,0.16367273195591456,0,0,none,0.0,no offload,18,6,5,0,3,0,0,0,27617.901491697154
29,157,415,0.3783132530120482,0.6933333333333334,0.42669072516123663,0.16367273195591456,0,0,none,0.0,no offload,10,2,3,0,2,0,0,0,28399.49338587109
30,295,415,0.7108433734939759,0.8,0.5991986508314397,0.19151269038465946,0,0,none,0.0,no offload,19,1,10,1,4,1,0,0,29425.578947368416
31,289,415,0.6963855421686747,0.7894736842105263,0.5991986508314397,0.19151269038465946,0,0,none,0.0,no offload,20,4,5,3,3,2,0,0,30443.673796791438
32,262,415,0.6313253012048192,0.76,0.5991986508314397,0.19151269038465946,0,0,none,0.0,no offload,22,6,9,3,3,2,0,0,31419.626794258365
33,311,415,0.7493975903614458,0.82,0.5991986508314397,0.19151269038465946,0,0,none,0.0,no offload,25,7,8,2,4,2,0,0,32488.59414579228
34,234,415,0.563855421686747,0.8,0.5991986508314397,0.19151269038465946,0,0,none,0.0,no offload,21,5,3,1,1,1,0,0,33424.88685617787
35,267,415,0.6433734939759036,1.0,0.5991986508314397,0.19151269038465946,0,0,none,0.0,no offload,16,3,4,0,2,0,0,0,34388.91162397973
36,221,415,0.5325301204819277,0.990909090909091,0.5991986508314397,0.19151269038465946,0,0,none,0.0,no offload,14,0,7,0,4,0,0,0,35260.89783281733
37,317,415,0.763855421686747,0.9818181818181818,0.5991986508314397,0.19151269038465946,0,0,none,0.0,no offload,20,0,9,0,4,0,0,0,36303.70306783
38,292,415,0.7036144578313253,0.8727272727272727,0.5991986508314397,0.19151269038465946,0,0,none,0.0,no offload,21,4,5,4,2,2,0,0,37311.039403321134
39,348,415,0.8385542168674699,0.9411764705882353,0.5991986508314397,0.19151269038465946,0,0,none,0.0,no offload,24,4,11,0,4,0,0,0,38424.44075429215
40,318,415,0.7662650602409639,0.8727272727272727,0.8565462248461984,0.20844946914332246,0,0,none,0.0,no offload,22,8,3,5,2,2,0,0,39481.60681114551
41,333,415,0.8024096385542169,0.8421052631578947,0.8565462248461984,0.20844946914332246,0,0,none,0.0,no offload,22,11,9,6,4,2,0,0,40581.22741345342
42,311,415,0.7493975903614458,0.8631578947368421,0.8565462248461984,0.20844946914332246,0,0,none,0.0,no offload,22,11,7,2,3,2,0,0,41629.300028145226
43,281,415,0.6771084337349398,0.8631578947368421,0.8565462248461984,0.20844946914332246,0,0,none,0.0,no offload,19,7,5,0,3,0,0,0,42628.164086687306
44,298,415,0.7180722891566265,0.8545454545454545,0.8565462248461984,0.20844946914332246,0,0,none,0.0,no offload,19,3,9,2,4,2,0,0,43666.11061075148
45,284,415,0.6843373493975904,0.8545454545454545,0.8565462248461984,0.20844946914332246,0,0,none,0.0,no offload,20,3,7,1,2,1,0,0,44662.05713481565
46,346,415,0.8337349397590361,0.9411764705882353,0.8565462248461984,0.20844946914332246,0,0,none,0.0,no offload,24,7,9,5,4,2,0,0,45772.836476217286
47,292,415,0.7036144578313253,0.7894736842105263,0.8565462248461984,0.20844946914332246,0,0,none,0.0,no offload,19,7,4,2,3,2,0,0,46781.2147481002
48,347,415,0.8361445783132531,0.96,0.8565462248461984,0.20844946914332246,0,0,none,0.0,no offload,22,11,8,5,5,2,0,0,47915.01942020828
49,250,415,0.6024096385542169,0.82,0.8565462248461984,0.20844946914332246,0,0,none,0.0,no offload,18,5,5,0,3,0,0,0,48871.601182099635
50,128,415,0.30843373493975906,0.49411764705882355,0.2830811096106274,0.16687274928078358,0,0,none,0.0,low pressure,15,5,4,1,3,1,0,0,49611.41260906277
51,280,415,0.6746987951807228,0.8941176470588236,0.2830811096106274,0.16687274928078358,0,0,none,0.0,low pressure,20,2,11,1,5,1,0,0,50581.00394033212
52,326,415,0.7855421686746988,0.9181818181818182,0.2830811096106274,0.16687274928078358,0,0,none,0.0,low pressure,22,3,7,1,3,1,0,0,51645.54235857023
53,348,415,0.8385542168674699,0.9181818181818182,0.2830811096106274,0.16687274928078358,0,0,none,0.0,low pressure,23,2,4,1,2,1,0,0,52776.13960033775
54,271,415,0.653012048192771,0.9454545454545454,0.2830811096106274,0.16687274928078358,0,0,none,0.0,low pressure,21,2,10,0,4,0,0,0,53756.36335491135
55,361,415,0.8698795180722891,0.9454545454545454,0.2830811096106274,0.16687274928078358,0,0,none,0.0,low pressure,22,5,9,4,4,2,0,0,54899.40135097102
56,362,415,0.8722891566265061,0.9454545454545454,0.2830811096106274,0.16687274928078358,0,0,none,0.0,low pressure,23,7,5,3,3,2,0,0,56042.90993526598
57,258,415,0.6216867469879518,0.76,0.2830811096106274,0.16687274928078358,0,0,none,0.0,low pressure,18,6,5,1,1,1,0,0,57018.59048691248
58,268,415,0.6457831325301204,0.8526315789473684,0.2830811096106274,0.16687274928078358,0,0,none,0.0,low pressure,17,3,6,0,4,0,0,0,57981.11623979737
59,281,415,0.6771084337349398,0.8526315789473684,0.2830811096106274,0.16687274928078358,0,0,none,0.0,low pressure,15,1,5,0,4,0,0,0,58964.14466647904
60,340,415,0.8192771084337349,0.8823529411764706,0.8931221676998433,0.2148107522287263,0,0,none,0.0,no offload,18,1,6,1,4,1,0,0,60061.48325358853
61,354,415,0.8530120481927711,0.9647058823529412,0.8931221676998433,0.2148107522287263,0,0,none,0.0,no offload,20,2,8,1,4,1,0,0,61197.811145510845
62,314,415,0.7566265060240964,0.8526315789473684,0.8931221676998433,0.2148107522287263,0,0,none,0.0,no offload,19,2,5,0,3,0,0,0,62249.98930481284
63,273,415,0.6578313253012048,0.8526315789473684,0.8931221676998433,0.2148107522287263,0,0,none,0.0,no offload,19,0,8,0,3,0,0,0,63228.19954967634
64,286,415,0.689156626506024,0.990909090909091,0.8931221676998433,0.2148107522287263,0,0,none,0.0,no offload,19,0,6,0,3,0,0,0,64223.950464396294
65,319,415,0.7686746987951807,0.990909090909091,0.8931221676998433,0.2148107522287263,0,0,none,0.0,no offload,20,1,7,1,4,1,0,0,65267.52800450325
66,355,415,0.8554216867469879,0.9764705882352941,0.8931221676998433,0.2148107522287263,0,0,none,0.0,no offload,21,2,8,1,4,1,0,0,66416.36222910217
67,239,415,0.5759036144578313,0.8,0.8931221676998433,0.2148107522287263,0,0,none,0.0,no offload,16,4,3,2,2,2,0,0,67362.83957219252
68,300,415,0.7228915662650602,0.9272727272727272,0.8931221676998433,0.2148107522287263,0,0,none,0.0,no offload,19,5,10,2,5,2,0,0,68382.3422459893
69,300,415,0.7228915662650602,0.8631578947368421,0.8931221676998433,0.2148107522287263,0,0,none,0.0,no offload,20,4,8,2,4,2,0,0,69415.60202645652
70,303,415,0.7301204819277108,0.8666666666666667,0.7779356245878759,0.1932536266703381,0,0,none,0.0,no offload,23,4,7,1,3,1,0,0,70461.34055727554
71,259,415,0.6240963855421687,0.8266666666666667,0.7779356245878759,0.1932536266703381,0,0,none,0.0,no offload,20,5,6,2,3,2,0,0,71438.49113425275
72,302,415,0.727710843373494,0.8266666666666667,0.7779356245878759,0.1932536266703381,0,0,none,0.0,no offload,21,5,7,2,3,2,0,0,72484.84604559527
73,258,415,0.6216867469879518,0.6933333333333334,0.7779356245878759,0.1932536266703381,0,0,none,0.0,no offload,18,4,6,0,2,0,0,0,73454.05235012666
74,344,415,0.8289156626506025,0.9818181818181818,0.7779356245878759,0.1932536266703381,0,0,none,0.0,no offload,20,2,7,0,3,0,0,0,74552.4705882353
75,316,415,0.7614457831325301,0.9818181818181818,0.7779356245878759,0.1932536266703381,0,0,none,0.0,no offload,16,0,4,0,2,0,0,0,75601.97860962567
76,319,415,0.7686746987951807,0.9818181818181818,0.7779356245878759,0.1932536266703381,0,0,none,0.0,no offload,13,3,4,3,2,2,0,0,76661.8952997467
77,281,415,0.6771084337349398,0.9,0.7779356245878759,0.1932536266703381,0,0,none,0.0,no offload,17,4,9,1,3,1,0,0,77640.45567126373
78,351,415,0.8457831325301205,0.9473684210526315,0.7779356245878759,0.1932536266703381,0,0,none,0.0,no offload,23,6,11,3,4,2,0,0,78757.67858148045
79,384,415,0.9253012048192771,1.0,0.7779356245878759,0.1932536266703381,0,0,none,0.0,no offload,28,8,7,4,4,2,0,0,79938.90149169716
80,367,415,0.8843373493975903,0.9578947368421052,0.9552532178305171,0.22464548039199864,0,0,up,0.0,no offload,23,8,6,2,4,2,1,0,81098.15789473685
81,449,515,0.8718446601941747,0.9473684210526315,0.9552532178305171,0.22464548039199864,0,0,up,0.0,no offload,26,6,11,2,4,2,1,0,82480.33535040812
82,373,515,0.7242718446601941,0.9368421052631579,0.9552532178305171,0.22464548039199864,0,0,up,0.0,no offload,26,3,9,0,2,0,1,0,83722.11032929919
83,433,515,0.8407766990291262,0.990909090909091,0.9552532178305171,0.22464548039199864,0,0,up,0.0,no offload,32,4,12,1,5,1,1,0,85054.24669293556
84,378,515,0.7339805825242719,0.990909090909091,0.9552532178305171,0.22464548039199864,0,0,up,0.0,no offload,26,4,4,3,2,2,1,0,86290.56726709823
85,259,515,0.5029126213592233,0.72,0.9552532178305171,0.22464548039199864,0,0,up,0.0,no offload,20,4,5,0,3,0,1,0,87332.92696312975
86,328,515,0.6368932038834951,1.0,0.9552532178305171,0.22464548039199864,0,0,up,0.0,no offload,18,1,9,0,5,0,1,0,88485.69251336898
87,346,515,0.6718446601941748,1.0,0.9552532178305171,0.22464548039199864,0,0,up,0.0,no offload,23,1,10,1,5,1,1,0,89682.33366169434
88,378,515,0.7339805825242719,1.0,0.9552532178305171,0.22464548039199864,0,0,up,0.0,no offload,27,1,7,0,3,0,1,0,90925.39107796228
89,259,515,0.5029126213592233,0.9157894736842105,0.9552532178305171,0.22464548039199864,0,0,up,0.0,no offload,23,2,7,2,5,2,1,0,91945.05629045876
90,247,515,0.4796116504854369,0.7263157894736842,0.4327560587461541,0.177927296482542,0,0,none,0.0,no offload,24,2,8,0,4,0,1,0,92958.4448353504
91,238,515,0.4621359223300971,0.54,0.4327560587461541,0.177927296482542,0,0,none,0.0,no offload,20,3,5,1,2,1,1,0,93950.29735434843
92,99,515,0.19223300970873786,0.5181818181818182,0.4327560587461541,0.177927296482542,0,0,none,0.0,no offload,12,1,1,0,1,0,1,0,94708.93639178158
93,126,515,0.2446601941747573,0.35454545454545455,0.4327560587461541,0.177927296482542,0,0,none,0.0,no offload,16,0,7,0,3,0,1,0,95509.66155361665
94,272,515,0.5281553398058253,0.6909090909090909,0.4327560587461541,0.177927296482542,0,0,none,0.0,no offload,21,2,12,2,6,2,1,0,96578.33971291865
95,340,515,0.6601941747572816,0.8266666666666667,0.4327560587461541,0.177927296482542,0,0,none,0.0,no offload,23,4,4,2,3,2,1,0,97766.22685054882
96,325,515,0.6310679611650486,0.8181818181818182,0.4327560587461541,0.177927296482542,0,0,none,0.0,no offload,21,5,6,3,4,2,1,0,98913.36279200674
97,216,515,0.41941747572815535,0.52,0.4327560587461541,0.177927296482542,0,0,none,0.0,no offload,18,5,6,0,3,0,1,0,99896.38052350126
98,226,515,0.4388349514563107,0.48,0.4327560587461541,0.177927296482542,0,0,none,0.0,no offload,22,0,10,0,3,0,1,0,100891.89825499577
99,130,515,0.2524271844660194,0.4266666666666667,0.4327560587461541,0.177927296482542,0,0,none,0.0,no offload,21,3,4,3,2,2,1,0,101721.84182381086
100,214,515,0.4155339805825243,0.8,0.3402071150222419,0.17609005557977453,0,0,none,0.0,no offload,19,3,4,0,3,0,1,0,102675.86813960034
101,215,515,0.4174757281553398,0.788235294117647,0.3402071150222419,0.17609005557977453,0,0,none,0.0,no offload,14,0,2,0,2,0,1,0,103637.55080213904
102,334,515,0.6485436893203883,0.99,0.3402071150222419,0.17609005557977453,0,0,none,0.0,no offload,13,0,6,0,4,0,1,0,104794.74148606812
103,277,515,0.537864077669903,0.99,0.3402071150222419,0.17609005557977453,0,0,none,0.0,no offload,16,1,8,1,4,1,1,0,105856.98086124402
104,267,515,0.5184466019417475,0.81,0.3402071150222419,0.17609005557977453,0,0,none,0.0,no offload,17,1,4,0,2,0,1,0,106905.67478187448
105,243,515,0.47184466019417476,0.9176470588235294,0.3402071150222419,0.17609005557977453,0,0,none,0.0,no offload,18,1,6,0,3,0,1,0,107902.80987897552
106,177,515,0.34368932038834954,0.8470588235294118,0.3402071150222419,0.17609005557977453,0,0,none,0.0,no offload,13,0,3,0,2,0,1,0,108805.78257810301
107,248,515,0.4815533980582524,0.8470588235294118,0.3402071150222419,0.17609005557977453,0,0,none,0.0,no offload,14,0,6,0,5,0,1,0,109820.89164086687
108,354,515,0.6873786407766991,0.8133333333333334,0.3402071150222419,0.17609005557977453,0,0,none,0.0,no offload,23,2,12,2,5,2,1,0,111028.51843512525
109,406,515,0.7883495145631068,0.91,0.3402071150222419,0.17609005557977453,0,0,none,0.0,no offload,27,4,8,2,5,2,1,0,112327.9981705601
110,268,515,0.5203883495145631,0.7263157894736842,0.5569545357155228,0.18960804802887973,0,0,none,0.0,no offload,24,5,5,1,3,1,1,0,113399.48029833943
111,265,515,0.5145631067961165,0.61,0.5569545357155228,0.18960804802887973,0,0,none,0.0,no offload,20,3,8,0,5,0,1,0,114455.0506614129
112,322,515,0.625242718446602,0.7894736842105263,0.5569545357155228,0.18960804802887973,0,0,none,0.0,no offload,23,0,9,0,5,0,1,0,115615.2444413172
113,273,515,0.5300970873786408,0.76,0.5569545357155228,0.18960804802887973,0,0,none,0.0,no offload,20,3,5,3,2,2,1,0,116685.35927385309
114,140,515,0.27184466019417475,0.76,0.5569545357155228,0.18960804802887973,0,0,none,0.0,no offload,14,3,3,0,2,0,1,0,117507.99507458486
115,309,515,0.6,0.9636363636363636,0.5569545357155228,0.18960804802887973,0,0,none,0.0,no offload,13,4,5,1,5,1,1,0,118614.48634956375
116,357,515,0.6932038834951456,0.7764705882352941,0.5569545357155228,0.18960804802887973,0,0,none,0.0,no offload,14,2,6,1,4,1,1,0,119834.2009569378
117,410,515,0.7961165048543689,0.84,0.5569545357155228,0.18960804802887973,0,0,none,0.0,no offload,19,4,7,3,5,2,1,0,121143.81030115395
118,354,515,0.6873786407766991,0.84,0.5569545357155228,0.18960804802887973,0,0,none,0.0,no offload,21,7,8,3,4,2,1,0,122350.83506895581
119,387,515,0.7514563106796116,0.8823529411764706,0.5569545357155228,0.18960804802887973,0,0,none,0.0,no offload,24,8,9,3,4,2,1,0,123609.0827469744
120,436,515,0.8466019417475729,0.8823529411764706,0.9425426399993668,0.2520080120991823,0,0,none,0.0,no offload,28,11,10,6,5,2,1,0,124968.71798480158
121,353,515,0.6854368932038835,0.8266666666666667,0.9425426399993668,0.2520080120991823,0,0,none,0.0,no offload,24,14,8,5,4,2,1,0,126198.29777652689
122,417,515,0.8097087378640777,0.9727272727272728,0.9425426399993668,0.2520080120991823,0,0,none,0.0,no offload,25,11,7,2,4,2,1,0,127501.01956093444
123,368,515,0.7145631067961165,0.8533333333333334,0.9425426399993668,0.2520080120991823,0,0,none,0.0,no offload,23,12,8,6,3,2,1,0,128733.45904869126
124,306,515,0.5941747572815534,0.9272727272727272,0.9425426399993668,0.2520080120991823,0,0,none,0.0,no offload,22,8,8,2,3,2,1,0,129857.62580917536
125,394,515,0.7650485436893204,0.9764705882352941,0.9425426399993668,0.2520080120991823,0,0,none,0.0,no offload,23,7,9,2,5,2,1,0,131145.5437658317
126,460,515,0.8932038834951457,0.9894736842105263,0.9425426399993668,0.2520080120991823,0,0,none,0.0,no offload,22,5,4,2,4,2,1,0,132543.0263157895
127,464,515,0.9009708737864077,0.9894736842105263,0.9425426399993668,0.2520080120991823,0,0,none,0.0,no offload,20,7,6,4,3,2,1,0,133944.11047002536
128,406,515,0.7883495145631068,0.9,0.9425426399993668,0.2520080120991823,0,0,none,0.0,no offload,18,9,10,4,6,2,1,0,135251.15690965386
129,379,515,0.7359223300970874,0.9,0.9425426399993668,0.2520080120991823,0,0,none,0.0,no offload,26,8,11,1,3,1,1,0,136487.20334928235
130,445,515,0.8640776699029126,0.990909090909091,0.9348889963754061,0.218326785942615,0,0,up,0.0,no offload,30,6,9,2,5,2,2,0,137845.80720517877
131,432,595,0.7260504201680672,0.83,0.9348889963754061,0.218326785942615,0,0,up,0.0,no offload,32,4,11,1,5,1,2,0,139284.21172248808
132,409,595,0.6873949579831933,0.83,0.9348889963754061,0.218326785942615,0,0,up,0.0,no offload,27,6,3,4,2,2,2,0,140681.79271038563
133,229,595,0.38487394957983195,0.725,0.9348889963754061,0.218326785942615,0,0,up,0.0,no offload,20,6,7,1,3,1,2,0,141783.0576273572
134,347,595,0.5831932773109244,0.84,0.9348889963754061,0.218326785942615,0,0,up,0.0,no offload,22,4,10,0,6,0,2,0,143077.3858007318
135,344,595,0.5781512605042017,0.84,0.9348889963754061,0.218326785942615,0,0,up,0.0,no offload,23,2,5,2,3,2,2,0,144369.83897410642
136,408,595,0.6857142857142857,0.84,0.9348889963754061,0.218326785942615,0,0,up,0.0,no offload,23,4,10,2,5,2,2,0,145779.791162398
137,274,595,0.46050420168067224,0.7473684210526316,0.9348889963754061,0.218326785942615,0,0,up,0.0,no offload,18,4,4,0,3,0,2,0,146939.66380523503
138,294,595,0.49411764705882355,0.57,0.9348889963754061,0.218326785942615,0,0,up,0.0,no offload,17,1,7,0,6,0,2,0,148150.81276386156
139,262,595,0.4403361344537815,0.57,0.9348889963754061,0.218326785942615,0,0,up,0.0,no offload,16,1,5,1,2,1,2,0,149304.29214748103
140,368,595,0.6184873949579832,0.84,0.6194675118489243,0.18973847558889542,0,0,none,0.0,no offload,19,2,10,1,5,1,2,0,150622.75897129189
141,395,595,0.6638655462184874,0.8181818181818182,0.6194675118489243,0.18973847558889542,0,0,none,0.0,no offload,24,3,10,2,4,2,2,0,152009.0566774557
142,421,595,0.7075630252100841,0.8625,0.6194675118489243,0.18973847558889542,0,0,none,0.0,no offload,25,3,6,1,4,1,2,0,153441.3354207712
143,240,595,0.40336134453781514,0.8625,0.6194675118489243,0.18973847558889542,0,0,none,0.0,no offload,23,2,5,0,2,0,2,0,154603.717879257
144,219,595,0.3680672268907563,0.6818181818181818,0.6194675118489243,0.18973847558889542,0,0,none,0.0,no offload,18,1,7,0,4,0,2,0,155656.59857866593
145,292,595,0.4907563025210084,1.0,0.6194675118489243,0.18973847558889542,0,0,none,0.0,no offload,16,3,4,3,3,2,2,0,156817.53732761048
146,330,595,0.5546218487394958,0.82,0.6194675118489243,0.18973847558889542,0,0,none,0.0,no offload,21,3,7,0,3,0,2,0,158071.71872361386
147,399,595,0.6705882352941176,0.8631578947368421,0.6194675118489243,0.18973847558889542,0,0,none,0.0,no offload,21,2,9,2,3,2,2,0,159447.07476076556
148,434,595,0.7294117647058823,0.8631578947368421,0.6194675118489243,0.18973847558889542,0,0,none,0.0,no offload,24,4,10,2,5,2,2,0,160900.81114551084
149,490,595,0.8235294117647058,0.89,0.6194675118489243,0.18973847558889542,0,0,none,0.0,no offload,27,5,7,2,5,2,2,0,162443.68723613847
150,410,595,0.6890756302521008,0.8625,0.7575224564081395,0.22173959172188806,0,0,none,0.0,no offload,30,7,13,4,3,2,2,0,163855.52803968478
151,339,595,0.5697478991596638,0.78,0.7575224564081395,0.22173959172188806,0,0,none,0.0,no offload,28,7,8,1,6,1,2,0,165125.40237123557
152,391,595,0.6571428571428571,0.8090909090909091,0.7575224564081395,0.22173959172188806,0,0,none,0.0,no offload,28,3,8,1,5,1,2,0,166492.53806642274
153,400,595,0.6722689075630253,0.8090909090909091,0.7575224564081395,0.22173959172188806,0,0,none,0.0,no offload,24,4,6,2,5,2,2,0,167890.59287925696
154,341,595,0.573109243697479,0.84,0.7575224564081395,0.22173959172188806,0,0,none,0.0,no offload,20,5,8,2,3,2,2,0,169184.39442020826
155,326,595,0.5478991596638656,0.8545454545454545,0.7575224564081395,0.22173959172188806,0,0,none,0.0,no offload,19,4,7,1,3,1,2,0,170425.14783281734
156,224,595,0.3764705882352941,0.8545454545454545,0.7575224564081395,0.22173959172188806,0,0,none,0.0,no offload,15,2,2,0,2,0,2,0,171481.15395440473
157,259,595,0.43529411764705883,0.8545454545454545,0.7575224564081395,0.22173959172188806,0,0,none,0.0,no offload,16,1,7,1,5,1,2,0,172605.04784688994
158,399,595,0.6705882352941176,0.9,0.7575224564081395,0.22173959172188806,0,0,none,0.0,no offload,26,4,16,3,6,2,2,0,173992.76727413453
159,374,595,0.6285714285714286,0.9,0.7575224564081395,0.22173959172188806,0,0,none,0.0,no offload,27,5,4,2,3,2,2,0,175342.80906980016
160,289,595,0.4857142857142857,0.7733333333333333,0.48195906454768433,0.16634046576624745,0,0,none,0.0,no offload,26,5,8,1,3,1,2,0,176547.40121024486
161,160,595,0.2689075630252101,0.6272727272727273,0.48195906454768433,0.16634046576624745,0,0,none,0.0,no offload,18,4,4,2,3,2,2,0,177491.28546298904
162,155,595,0.2605042016806723,0.6272727272727273,0.48195906454768433,0.16634046576624745,0,0,none,0.0,no offload,14,4,2,1,2,1,2,0,178439.5841894174
163,207,595,0.34789915966386553,0.6272727272727273,0.48195906454768433,0.16634046576624745,0,0,none,0.0,no offload,17,1,9,0,3,0,2,0,179478.55783844637
164,254,595,0.426890756302521,0.8090909090909091,0.48195906454768433,0.16634046576624745,0,0,none,0.0,no offload,20,0,9,0,4,0,2,0,180593.85026737966
165,350,595,0.5882352941176471,0.8090909090909091,0.48195906454768433,0.16634046576624745,0,0,none,0.0,no offload,28,2,11,2,5,2,2,0,181879.24138052348
166,404,595,0.6789915966386555,0.8090909090909091,0.48195906454768433,0.16634046576624745,0,0,none,0.0,no offload,26,2,7,0,5,0,2,0,183278.53961441034
167,413,595,0.6941176470588235,1.0,0.48195906454768433,0.16634046576624745,0,0,none,0.0,no offload,22,0,7,0,4,0,2,0,184684.72421193356
168,448,595,0.7529411764705882,1.0,0.48195906454768433,0.16634046576624745,0,0,none,0.0,no offload,27,1,12,1,5,1,2,0,186139.71144103573
169,447,595,0.7512605042016807,1.0,0.48195906454768433,0.16634046576624745,0,0,none,0.0,no offload,26,5,7,4,3,2,2,0,187602.04232338868
170,321,595,0.5394957983193277,0.6625,0.568641106347318,0.21986860442155146,0,0,none,0.0,no offload,26,9,10,5,3,2,2,0,188865.0055586828
171,352,595,0.5915966386554622,0.6947368421052632,0.568641106347318,0.21986860442155146,0,0,none,0.0,no offload,26,12,8,3,3,2,2,0,190177.17932029272
172,387,595,0.6504201680672269,0.8363636363636363,0.568641106347318,0.21986860442155146,0,0,none,0.0,no offload,23,7,7,1,4,1,2,0,191535.70468618072
173,346,595,0.5815126050420169,0.7764705882352941,0.568641106347318,0.21986860442155146,0,0,none,0.0,no offload,22,3,6,0,3,0,2,0,192827.47670982272
174,266,595,0.4470588235294118,0.7764705882352941,0.568641106347318,0.21986860442155146,0,0,none,0.0,no offload,16,3,3,2,3,2,2,0,193990.01189135943
175,199,595,0.334453781512605,0.5181818181818182,0.568641106347318,0.21986860442155146,0,0,none,0.0,no offload,12,2,3,0,3,0,2,0,195017.911377709
176,136,595,0.22857142857142856,0.4588235294117647,0.568641106347318,0.21986860442155146,0,0,none,0.0,no offload,9,0,5,0,3,0,2,0,195940.3311989868
177,316,595,0.5310924369747899,0.84,0.568641106347318,0.21986860442155146,0,0,none,0.0,no offload,21,0,13,0,5,0,2,0,197167.3078384464
178,292,595,0.4907563025210084,0.84,0.568641106347318,0.21986860442155146,0,0,none,0.0,no offload,21,1,3,1,2,1,2,0,198377.45560090066
179,319,595,0.5361344537815126,0.73,0.568641106347318,0.21986860442155146,0,0,none,0.0,no offload,24,5,7,4,3,2,2,0,199621.8180762736
180,256,595,0.43025210084033616,0.63,0.44746343199096117,0.17402618670976236,0,0,none,0.0,no offload,18,4,6,0,2,0,2,0,200761.0447860963
181,197,595,0.3310924369747899,0.63,0.44746343199096117,0.17402618670976236,0,0,none,0.0,no offload,13,0,1,0,1,0,2,0,201775.21267238955
182,322,595,0.5411764705882353,0.8210526315789474,0.44746343199096117,0.17402618670976236,0,0,none,0.0,no offload,14,1,6,1,4,1,2,0,203012.98821418523
183,250,595,0.42016806722689076,0.8105263157894737,0.44746343199096117,0.17402618670976236,0,0,none,0.0,no offload,13,1,5,0,3,0,2,0,204125.43480861248
184,368,595,0.6184873949579832,0.8105263157894737,0.44746343199096117,0.17402618670976236,0,0,none,0.0,no offload,19,1,8,1,4,1,2,0,205467.38140303973
185,258,595,0.4336134453781513,0.6941176470588235,0.44746343199096117,0.17402618670976236,0,0,none,0.0,no offload,21,2,8,1,3,1,2,0,206623.53373909378
186,369,595,0.6201680672268908,0.84,0.44746343199096117,0.17402618670976236,0,0,none,0.0,no offload,21,2,6,1,5,1,2,0,207954.46974387846
187,345,595,0.5798319327731093,0.7263157894736842,0.44746343199096117,0.17402618670976236,0,0,none,0.0,no offload,22,2,8,1,3,1,2,0,209246.22927807493
188,319,595,0.5361344537815126,0.66,0.44746343199096117,0.17402618670976236,0,0,none,0.0,no offload,22,3,5,2,2,2,2,0,210492.93139600343
189,237,595,0.3983193277310924,0.49333333333333335,0.44746343199096117,0.17402618670976236,0,0,none,0.0,no offload,25,5,11,2,3,2,2,0,211611.00851393194
190,334,595,0.561344537815126,0.7473684210526316,0.5243636534000444,0.17064770286870595,0,0,none,0.0,no offload,28,6,9,2,6,2,2,0,212889.8437236139
191,346,595,0.5815126050420169,0.9181818181818182,0.5243636534000444,0.17064770286870595,0,0,none,0.0,no offload,25,4,6,1,4,1,2,0,214172.11433999444
192,351,595,0.5899159663865546,0.9181818181818182,0.5243636534000444,0.17064770286870595,0,0,none,0.0,no offload,24,5,7,3,3,2,2,0,215467.41127216443
193,243,595,0.4084033613445378,0.5636363636363636,0.5243636534000444,0.17064770286870595,0,0,none,0.0,no offload,16,6,4,3,4,2,2,0,216581.5039403322
194,386,595,0.6487394957983194,0.9578947368421052,0.5243636534000444,0.17064770286870595,0,0,none,0.0,no offload,20,5,8,2,5,2,2,0,217948.61395299755
195,378,595,0.6352941176470588,0.7181818181818181,0.5243636534000444,0.17064770286870595,0,0,none,0.0,no offload,17,6,5,2,4,2,2,0,219305.26498733473
196,335,595,0.5630252100840336,0.7181818181818181,0.5243636534000444,0.17064770286870595,0,0,none,0.0,no offload,18,4,7,0,3,0,2,0,220571.37190402485
197,311,595,0.5226890756302521,0.9181818181818182,0.5243636534000444,0.17064770286870595,0,0,none,0.0,no offload,20,2,8,0,4,0,2,0,221783.90645229392
198,339,595,0.5697478991596638,0.9181818181818182,0.5243636534000444,0.17064770286870595,0,0,none,0.0,no offload,21,0,7,0,4,0,2,0,223043.55129468063
199,381,595,0.6403361344537815,0.9181818181818182,0.5243636534000444,0.17064770286870595,0,0,none,0.0,no offload,22,3,6,3,5,2,2,0,224389.9608429497
